8.68778001	0.027707965453081393
8.95228875	0.02433308386802977
8.8059203	0.014695182238928774
8.92493341	0.020263181580883284
8.68737006	0.014967896425548036
8.46766826	0.03472296931904209
8.69902005	0.0305677027903483
8.45729924	0.02930798503420086
8.60467354	0.03170474908131445
8.52032833	0.037725727776858335
8.86045463	0.018253601229425986
8.54528267	0.016224462672745982
8.46972341	0.005497494891286047
8.33114492	0.013950800164200224
8.56323283	0.015249442389333503
8.33699578	0.021318299965351874
8.44614598	0.02022197319761913
8.22074834	0.022881586965756706
8.85384646	0.027062747227709297
8.64086932	0.011261102490066227
8.57459693	0.026518213992906454
8.64734479	0.009719613773815253
8.75801666	0.021346169529397656
8.71191809	0.012103617152030979
8.6306319	0.0138073000429091
8.59727005	0.016051772717724625
8.59594589	0.02400944208916973
8.67067775	0.028999058132814753
8.57540721	0.0074110663023599106
8.3993208	0.010678734273158135
8.71710449	0.016682406836450323
8.6934764	0.018592681082130417
8.53015902	0.008375267119357821
8.79496151	0.023414029032246184
8.64012372	0.028472516286120315
8.63697793	0.026379161111854597
8.75381842	0.018263402710100164
8.77368361	0.02010104990692063
8.50884294	0.011497874535520659
8.62742966	0.026559375377229372
8.41451891	0.010338256264882158
8.57658343	0.03321094589160586
8.7190657	0.01254233620809968
8.82333323	0.0254631797051041
8.78269489	0.013097480699714757
8.74429429	0.010057121172087576
8.76062164	0.015306295842240138
8.71254085	0.019993414855904983
8.82682044	0.018516452534703645
8.43012128	0.019268235774989616
8.54756064	0.007062722811118325
8.44353347	0.01189684151818619
8.50869694	0.01631859155440374
8.52409065	0.006781124867729142
8.48454142	0.009239022923510984
8.88616608	0.011714933122732878
8.83326888	0.017836128423711777
8.3505759	0.011262539376514695
8.41185865	0.011651027327870147
8.93404966	0.029022056557923268
8.32451142	0.03806740041585053
8.87538335	0.02689987451990717
8.23619971	0.03767400808719774
8.48756804	0.02553895392921509
8.25915243	0.01978282381504367
8.35609057	0.008505788256172939
8.77517718	0.025676452790937353
8.48966121	0.011968006843277881
8.30706386	0.01091270259080184
8.22794648	0.004966484867035405
8.43032279	0.02100723309096608
8.37567523	0.02764263198401405
8.29314816	0.026094485191117543
8.37298393	0.012543931612045015
8.68604434	0.009952173176845111
8.84468538	0.020378566728580603
8.92365302	0.026200132608368936
8.03798016	0.03328882424727538
8.39375233	0.044823038381690085
8.19418181	0.01351866517254793
8.18597643	0.018016701375382832
8.5338143	0.017056428286767206
8.01817318	0.006011760209377513
7.98874541	0.012606796548910906
8.1633918	0.006059213311967283
8.41653081	0.003324045101984338
8.30421762	0.024177228209387346
8.40183793	0.020691878309258904
8.89167294	0.02898552416983272
8.4371059	0.0375208307527627
8.79849047	0.02546994698285008
8.32624268	0.013503855306210951
8.98063886	0.028521191508545464
8.90728457	0.01974612279992822
8.36172626	0.019501333587680764
8.13084202	0.025311525224521726
8.26749656	0.0018811201128656533
8.96266784	0.03159522613356036
8.46849328	0.01791821295466774
8.31513817	0.0020589736020602337
8.84288858	0.019783073554904294
8.28408713	0.008745267271704018
8.15731601	0.002962339674828104
8.27806846	0.006175406737249856
8.16549145	0.007766890817825297
8.79697482	0.019486047839939062
8.50995029	0.02157547912180095
8.87118646	0.01580970337312419
8.89535157	0.026349101962113493
8.8110871	0.00867057083512207
8.86210654	0.006100038852068888
8.94001182	0.02452824041609141
8.93127574	0.020918810598901206
8.73783095	0.019908612506641433
8.33775032	0.010137370690083
8.95591778	0.02448324290300778
8.91070145	0.013036870624568098
8.94288255	0.005366932160434056
8.56018021	0.020466244058227567
8.88652656	0.024656002659266683
8.58897006	0.014190495428224602
8.97886714	0.02409072537743464
8.35304773	0.009333176080684524
8.71180644	0.027705053788403183
8.61520043	0.0181380527827837
8.14275099	0.02109088572566389
8.2412626	0.0030909374843719173
8.10591168	0.0033553405390301426
8.05439767	0.0033642751816249576
8.07741158	0.002316478899532267
8.11106285	0.007386661855878307
8.20556898	0.004219215071390729
8.1539979	0.00600299539364214
8.07945693	0.002102280500931597
8.16508799	0.002424524744038353
8.97868054	0.02099866755207714
8.1531369	0.017109844349441915
7.97752137	0.030749215043110203
9.02139502	0.02621357538119379
8.09659247	0.013384991208576917
8.12911447	0.02198110122098314
8.08933837	0.004323578998468209
8.11447822	0.01829978791793886
8.08667789	0.007407522728402214
8.129383	0.003076877078782674
8.02722189	0.0013318133018376205
7.8432697	0.00018837794854412323
7.92144477	0.017926995461620982
7.98855447	0.0031312045496011175
7.92132778	0.0025133217333914875
7.99974178	0.011266832506075028
7.95677857	0.000011723562562602272
7.97310838	0.000155383140481057
7.87936229	0.0015057123461562332
7.95650654	0.00004012043431039206
8.97431348	0.02308230636286733
8.26448088	0.0031490118582218796
8.31569888	0.012146293888461569
8.99573446	0.02364836189873142
8.20355759	0.00932545152480299
8.05504438	0.02597262724474914
8.00418303	0.019042708325519873
7.8582927	0.0025540646583983896
7.8948327	0.0002110738163493075
8.66223841	0.006051223104693931
8.66028998	0.007820512163002292
8.63677506	0.027022207521770588
7.8999397	0.03408491109479726
8.06270537	0.006125194918225169
8.14149847	0.0233921192774899
8.02831062	0.00385675846283632
7.71176074	0.00003437093803982174
8.02264295	0.05428155889613302
7.78416116	0.02160667184284848
7.60097083	0.001025057554786596
7.88078517	0.03146726433677783
7.63825145	0.007846715786983219
7.58825722	0.0031875215287341953
7.47385109	0.018395051502988972
7.6277014	0.010491931954373491
7.44859719	0.0015869318530596186
7.26100841	0.00003243879828372262
7.51641212	0.0016875921081156856
7.3128244	0.0002731550520824271
8.03633092	0.003941081165280483
7.76304266	0.0012423196518036464
7.78992424	0.002347752645919643
7.936601	0.028957943006920124
7.85004044	0.006677674254535114
7.70731588	0.05478216987246245
9.08597541	0.017241875095082182
7.8224571	0.019638150497674464
7.66748495	0.00039390112468820447
7.91022973	0.0018364293275305002
7.63061082	0.017658635825332943
7.45130661	0.0010964708824044887
7.56296101	0.0019729816440731706
7.63498262	0.01661354535585089
7.49370326	0.0005445690298754206
7.75150208	0.024839915215520543
7.70558202	0.004897611186496501
7.83388971	0.006580419054708823
7.77898367	0.0003624944809257046
7.88377071	0.0023057393766974365
8.71944552	0.014114510293630981
8.23306719	0.0037062827895700213
7.95300345	0.013278238200400604
9.01903047	0.00808886014653686
9.2297946	0.0055509931670184995
9.27861534	0.0060966719514052355
8.13227664	0.004312423341684553
8.20294746	0.008462990980434749
7.75122721	0.01883537139153974
7.5307295	0.007554926174760456
7.72856908	0.006159382724818604
7.51649689	0.0013663560815392077
7.40689083	0.0002095893652377445
7.49695468	0.0037044203469578383
8.19119779	0.014716813254918427
7.8299017	0.03826874072601802
9.01339976	0.007843517658565292
8.99320394	0.01754235141295613
8.3669602	0.013150773853445966
7.34927488	0.017948935109886092
7.41736602	0.04144957151502649
7.70741342	0.0019941043412821822
7.76420732	0.016432895680771456
7.65301496	0.000014134408412093933
7.5581112	0.05291254819198856
8.82422467	0.020016571036040428
7.77944167	0.0037946992443911153
7.95826128	0.005639771799065064
8.20368141	0.00018679407867600842
7.70138404	0.010721504500575041
7.58471084	0.0032453354894409806
8.58690533	0.003336816598376299
8.3444571	0.00029826818556548374
7.46289124	0.00692729617962356
7.17755366	0.01003026735050465
7.53830131	0.04209376726469731
7.39271843	0.012245221740545814
7.2149626	0.0006894213517819542
7.84429516	0.03212775931340204
8.64003297	0.019275499588528793
7.33384855	3.4896185630121245e-6
7.25695035	0.015092339648061262
7.27220776	0.025404258207607774
7.11623919	0.011993157178478004
7.22406395	0.0018434781815608843
7.14100588	0.00132771436428504
7.12508239	0.009169614274327269
7.30766736	0.005986175160696365
7.12408519	0.00008718397172535918
7.20265261	0.023704147162173204
7.1805602	0.008810325431370362
7.1568992	0.05746803923036322
7.87016996	0.010846905948447411
9.10586458	0.012162060954567165
9.05596394	0.004478790856991329
8.31140092	0.009120593439105611
8.76380962	0.01905727762571738
8.69309969	0.029632818342399735
7.56651532	0.024838958687985035
7.67661723	0.014528032254975757
7.37503053	0.0022176787868615944
7.1939387	0.008115301869263958
7.45263219	0.05468871107820518
7.5007704	0.019548350609785912
7.0871415	0.01729038024357245
7.00052794	0.00020010323812211
7.22148582	0.005511487186347839
7.79928141	0.0013420318807787534
7.85489909	0.010678682548104088
8.28283297	0.006303601941592365
7.75008087	0.006873552781787527
8.26647609	0.009499854232359028
9.03926414	0.008547507199953735
9.01058548	0.008837281042661224
7.97837355	0.008728539508449363
7.93793974	0.0020293585586910533
7.9000811	0.0038563831617877287
7.24107835	0.07397769267300873
7.01326916	0.011817500649520024
7.93531059	0.0022804184521946595
7.54750925	0.0014386359132943722
8.44609227	0.021584268888987308
7.67890375	0.00031760837561650295
6.78533814	0.0031681293041801012
7.68495532	0.004022003837110281
7.0814543	0.016986666708194164
7.08260394	0.010787543635737704
7.35642998	0.0006860559770612618
7.16728107	0.013722548950191406
7.61989132	0.020599354158538034
7.78389099	0.0000319002316060218
7.51731025	0.004756720527654054
7.26436655	0.013643183388635323
7.35448527	0.03348743197410648
7.39467181	0.019814348983891512
7.32976442	0.009376174575806426
7.13385986	0.005412684785243269
7.37406013	0.001545541850805022
7.45769753	0.00043318556005459444
7.50757367	0.007778205904172425
7.63475871	3.9786734614525314e-7
8.15725305	0.003556023909934845
8.09605118	0.005595065203535757
8.18402873	0.0040736277607713225
7.58517358	0.020617391136812553
7.65416886	0.002577739852056722
7.40604677	7.080217865598691e-7
7.78928783	0.009078555653335953
7.54195308	0.004403616109798367
7.44957075	0.0005348972533411283
7.3732598	0.005513138161047539
7.47570093	0.0004180512822758568
7.07771482	0.0023247680111204883
7.31737705	0.00015508997154119674
7.51126429	0.022285636574309674
7.25149068	0.023222183028162438
7.40691338	0.00013747098854311783
7.26321455	0.010441303213255686
7.1314181	0.0007195256506790268
7.03773108	0.003527919889558092
7.07566536	0.02747078094516572
7.28348447	0.009968297302418353
7.0165052	0.013257611632225942
6.99063686	0.00413806694619332
7.32495178	0.000011632763615128205
6.93034003	0.0035834241801612023
7.05618499	3.3789404876379437e-7
7.31167622	0.010194262420722404
8.06412227	0.00767330255904667
7.88415769	0.0032031631628783625
6.80330989	0.026448749706774414
6.83477584	0.023919037110032848
6.47910029	0.0007643273202674744
6.89192075	0.006635691933143523
6.52060387	0.012431314126801516
6.34273918	0.03262554643547837
6.36438474	0.013032747963395788
6.75378557	0.07171290411676268
6.54236227	0.019987184335576145
7.07660805	0.04012704365828558
6.90771803	0.01702936073388296
7.8258865	0.02365712701167206
7.69434285	0.007167520812285819
7.39698295	0.00007590107443411243
7.65143036	0.007914030776063192
7.23043694	0.0350257949068896
7.19491472	0.045424910316557085
7.04929778	0.0034589222653307154
7.4182361	0.008284544630531502
6.83447024	0.019194793028885396
6.90117153	0.0002626096473235088
6.88902642	0.005306071394366821
6.771357	0.00006765022056349449
7.32278306	0.012540408207446853
6.97612117	0.003161565331912528
6.95911235	0.0002562055515175486
6.81941104	0.01177988028295001
7.60099361	0.00425365214243937
6.94296944	0.010319237629052389
6.99740256	0.003904415861449025
6.99798881	0.01096168138483989
6.79097494	0.03143306431507933
7.13582048	0.025543821794179175
7.09109619	0.0023142421595991557
7.1100614	0.002302088496082612
7.17060782	0.00012728367194265569
6.96882361	0.014393314565325008
6.8386346	0.0002085120387920259
8.74142376	0.012637848832068994
8.86940511	0.010111796626139995
8.9360745	0.012535271911023502
8.78865098	0.005462422228389742
8.84293943	0.009509800337585564
6.74171631	0.0004929906803887097
6.90619315	0.006574493018302012
6.65842132	0.0005062148402271525
6.19068587	0.006934828865786094
6.71769111	0.0005340905621903643
6.5669042	0.030843004059936036
6.94021712	0.02241328664767813
6.77586091	0.0008937468024874679
6.93254031	0.0003981733668582114
6.25671997	0.00007917656601710839
6.11342335	0.029047704508722568
6.64061462	0.03117448200967702
6.39018854	0.021855743208650573
6.68958298	0.03526169357352499
6.23630365	0.005410743071923629
6.31693778	0.006198805033757102
6.09722303	0.013655730973766517
6.4661748	0.025071330221941353
6.46848098	0.0011795823223600221
6.85530255	0.0003105732888874805
6.61908353	0.019335618110203238
9.06893324	0.020189688500598976
8.50810997	0.009884448310125084
7.72916103	0.01067568727458863
7.83581184	0.007043196190946194
7.8206541	0.010982552488084643
7.96230067	0.021996151410172828
7.48862587	0.016120443557297474
7.40518894	0.013213056016015773
7.27790985	0.017184026458705644
8.41986446	0.015781929884622344
7.98684151	0.0044319068737278524
7.91244708	0.012900037637275652
7.64536466	0.009044496569833983
8.48400809	0.01094925159148103
8.54320323	0.02632770871233625
8.46257723	0.016027984715502964
8.08671116	0.006931370779872471
8.37942261	0.01332790682756496
8.3070839	0.01568905902646131
8.18704987	0.008298843179850064
8.56609793	0.006163556857770331
8.89126783	0.011606113893545994
8.97337701	0.011086783646369695
8.99358716	0.012082822176510175
9.01801695	0.009203330972681457
8.73477483	0.005289385282614997
8.93424302	0.01541505918795927
9.26237009	0.006914870479808047
9.30315469	0.010278553573742692
9.36227923	0.011030682665393124
9.15473654	0.013167819064089733
9.36417053	0.009476905188775446
9.3236434	0.007795268458112228
9.07161416	0.010823804295627506
9.36317689	0.009518875215231582
9.11072883	0.011466309048652635
9.21402288	0.006972491151688039
9.25528658	0.00791106145542398
9.03471291	0.01227056433104919
9.03660342	0.00918190679808943
9.01146041	0.011077062417473998
8.13465106	0.011343982659151517
8.61285606	0.008520247642986731
8.84486622	0.008147783904812383
8.79421805	0.017165126547565447
8.64223432	0.013681587021993725
8.59204263	0.006252106940899742
9.05582636	0.0124275097754129
9.27476445	0.009968078513885908
9.14569622	0.0074383698395576745
9.31720528	0.0072102062136121725
9.4293741	0.010344041620121031
9.11253998	0.0054431719894561395
9.08043088	0.012127956779119022
9.32101873	0.010698288949977229
9.13708979	0.010577324580865199
9.38553614	0.01041470677470137
9.50351653	0.006905044752395976
9.48397853	0.015305362534861667
9.44596541	0.014277791967861733
9.15032846	0.011208462387237815
9.4593816	0.009648004465567935
9.17053723	0.007176717987964988
9.19782995	0.008002461912720757
9.12756384	0.009819530785570163
9.2336851	0.00682768254651451
9.3824828	0.01257070333438298
9.39110714	0.008833676794084505
9.40115307	0.011546221201234937
9.18752345	0.011585899870085145
9.48507189	0.00980658660431945
9.41612988	0.015011048923231659
9.26899804	0.011443033690336106
9.29833286	0.004602294211670731
9.56538513	0.009150121863794788
9.49106892	0.00941946757154196
9.65414692	0.007867954975665366
9.5756805	0.009860906865997231
9.60202657	0.008474603542159469
9.43618473	0.006242548866709126
9.1414592	0.008704111023503802
9.17353133	0.005450906105532346
9.52232708	0.008483530792307226
9.47059904	0.012233457701723972
9.52084988	0.013894603693190505
9.5600358	0.014168910606587395
9.53808387	0.010544750286611865
9.62648885	0.00924516210780994
9.67253034	0.01263480972197017
9.58934899	0.006271938986723777
9.63000595	0.009359069434332934
9.5985256	0.01091120603133246
9.54712251	0.008654328931965556
9.13016419	0.004297846748044372
9.58918556	0.010015888283495268
9.62841526	0.005829092975620326
9.69202975	0.009986448722268388
9.57842394	0.008216874635300556
9.71868865	0.008435356379142429
9.50985031	0.005994774523119992
9.39041265	0.004518894880730184
9.65340491	0.008566437199990293
9.16548716	0.0073687999048257175
9.30823516	0.007937284403633298
9.45659295	0.009301576882016799
8.95736349	0.014443880750502805
9.30600621	0.0037242145062140594
9.35044385	0.007885537599015889
9.18591683	0.009910385973019119
9.22609933	0.007288416934372515
9.23567523	0.00491742325255584
9.36643499	0.0035142490210861967
9.17270883	0.008209407297171898
9.41438689	0.005611506697639154
9.66811582	0.008597337984388742
9.80239222	0.010339199544058769
9.69451621	0.009185970536247196
9.6709364	0.011457565970571919
9.76444639	0.006858623019880162
9.70427039	0.0089999891215837
9.64676899	0.005917669526480161
9.62931665	0.0057603697923133395
9.56316515	0.0036832780153461713
9.48469055	0.008247874910583783
9.51149842	0.0035730638517182654
9.78850295	0.005210070422292595
9.75922248	0.0047668732028503975
9.73643748	0.00863405607127663
9.83202286	0.006138774792451766
9.83298462	0.005730232277156477
9.77595165	0.005981437944145502
9.78535855	0.006268549430285257
9.8141777	0.006892710797871772
9.73472756	0.007602846815477062
9.46210092	0.005543852157480085
9.20096237	0.0030007427113011766
9.78968226	0.008604774034832592
9.69306916	0.00842615683659882
9.73299476	0.0060231903776224345
9.8947328	0.0015582695500289774
9.91579046	0.002910916480706362
9.99263155	0.005432571975347475
10.0602742	0.004880675873523416
10.1263109	0.006044887237257071
9.87556833	0.006249274951728491
9.73114396	0.011546503782157205
9.86651173	0.004900412748934512
9.843429	0.002754020786871846
9.95833691	0.004778301527563506
9.98454621	0.005052083988465511
10.0568845	0.004421337551491087
10.1445673	0.005419696142642576
10.0479917	0.004650398835982653
10.2431539	0.007742316294018844
10.1204594	0.005962116588307926
10.0758145	0.008839470316655895
10.1110116	0.007072430001941167
10.0063287	0.005635812261233807
9.84913632	0.006101834194911376
9.69217167	0.010565450737171692
9.61612341	0.006031573956963791
9.83413148	0.005018446413363361
9.9162746	0.00708842738427891
9.89171861	0.007742222181252728
9.82893833	0.013472702440951308
9.91711323	0.007172131438884797
9.48484612	0.008166012214038551
9.11435786	0.008445621646995588
9.95896204	0.013266472119733278
9.82001695	0.009370617067102785
10.0120257	0.009955287575661421
9.947902	0.0047166970233015445
9.77976335	0.008144680115227938
9.9806804	0.006003070241060438
9.93986655	0.004871472052778165
9.93440928	0.005378900986022113
10.0269518	0.011944619598778369
10.1552881	0.007639570495596269
10.0401675	0.0085292306776783
10.0836925	0.010364654132246862
10.056039	0.0057760594770196625
9.96062848	0.006649908376086583
10.1646281	0.011656400824808765
10.1147246	0.0042413100745278265
9.9819237	0.010837315075249853
10.2791463	0.010973031946964263
10.2087975	0.00839901742790937
10.1824758	0.010977579621545238
10.0151869	0.01291889133390782
9.75254708	0.003995530417454808
9.4471437	0.00560311279969074
9.90259755	0.01089346087082705
9.68546881	0.0033469752135208922
10.1265072	0.0072741770972659
9.80102489	0.008873044469040385
9.64892461	0.006580467817165666
10.0390445	0.006061183772219334
9.95140482	0.007902049315588721
9.88012048	0.00355687735240164
9.37394359	0.0060034282941174265
10.1677719	0.007881657287519387
10.0791059	0.0076900452247385485
10.2161049	0.007550473261384009
9.58372558	0.005383546855905569
10.0251755	0.01533311127494853
10.2356055	0.010951351467368467
10.258176	0.010264807261095197
10.2842448	0.009136043570065743
10.2449064	0.010622676151848419
10.2316707	0.008428814697397577
10.1933653	0.008752122968730815
10.1751822	0.009246204553286057
9.98504448	0.003633376541810537
9.87623704	0.012378160498375226
10.0552561	0.009924547855864043
9.82957634	0.009651173954189168
10.1294505	0.007901576815080833
10.104556	0.005956092814493231
9.5208257	0.007395887281913342
9.20232193	0.007077852192308035
10.0764557	0.009353787543192334
9.44833165	0.0077498826895408025
9.34003294	0.007193032481777561
9.46810897	0.006315422285461248
10.2224682	0.009982457228842943
10.3185603	0.01293799790895803
10.3708285	0.011788486373170167
10.431373	0.008817943148346394
10.4686206	0.009329203349234632
10.4002743	0.006799936777441972
10.4360249	0.011788549224049023
10.3440962	0.010178474539340218
10.2869119	0.011656190000002866
10.2584543	0.0078049519816406005
10.3090494	0.008695128696172545
10.4086029	0.007778046921443647
10.3935555	0.007277776786262727
10.3282283	0.006271212995833888
10.3318678	0.006697437986786621
10.3310131	0.01144121697406406
10.323882	0.009566707672125323
10.1965372	0.009283788789364431
10.2572386	0.011237793178482945
10.3706322	0.006396022872273787
10.3030022	0.008193432479919582
10.4518016	0.004031776559200915
10.5017702	0.015940784669442442
10.4457568	0.012993103322407065
10.4178343	0.010864553221004502
10.2766046	0.008456502959079676
10.1894947	0.005304815368662571
10.2478355	0.0035884156298436314
10.3238666	0.005327235086211389
10.3826562	0.00582721875541424
10.3843108	0.008836084562359618
10.3607372	0.002026358807858204
10.5103213	0.00691912825061937
10.4904241	0.009519949902273265
10.5416061	0.008605929586704118
10.6451355	0.0010800733356673543
10.601678	0.0010265216224065793
10.5359163	0.005228879250581681
10.4108847	0.006600043270378175
10.5869243	0.008630506209011091
10.5491126	0.007749283566469991
10.5764499	0.0071098977103429975
10.6387028	0.0010018982817625501
10.6060902	0.0009785506314122234
10.4687473	0.008783825530216812
10.5066114	0.006148403994415755
10.5160244	0.0055085627134638555
10.4644854	0.00809516120155894
10.6101312	0.0006960412276386762
10.5712519	0.005818399949219776
10.5859432	0.0057203055420514334
10.4989472	0.006420489680316238
10.6503444	0.0007279106497064862
10.6540359	0.0007746164712587083
10.7309431	0.0008245271529883381
10.6606046	0.0005981088818940457
10.774189	0.0009009686098329909
10.6586097	0.0008772887139155401
10.793935	0.0009857777745551214
10.8025485	0.0008238890850623352
10.7154005	0.0005348070553280055
10.6152709	0.0008624222111808247
10.6339446	0.0006468349649584063
10.8343357	0.0009337525382870238
10.722758	0.0006306731855242754
10.6855488	0.0008936641574165435
10.7533594	0.0006784483177846978
10.8412237	0.0007597086255083662
10.7061371	0.0008258135930526491
10.6521598	0.0009071453769759574
10.5576684	0.004995725091913668
10.6861934	0.00081097090401093
10.5737837	0.006555281938016433
10.772689	0.0008609110183707235
10.7774175	0.0007132904090027334
10.1545408	0.0057350571614882785
10.4598124	0.01352412625933944
10.3521772	0.005366684960915241
10.4832022	0.009809631105911756
10.5340841	0.009352715705454448
10.6813965	0.0014633083931598853
10.6165901	0.001127313628774103
9.90501382	0.011573018190167721
10.5017823	0.004568914878352869
10.4225692	0.006386339950130494
10.7387034	0.0009255498124630181
10.0029525	0.010049164659963247
9.93043623	0.0051183725013679345
8.82137364	0.009450600551010492
8.71639609	0.023648528651858514
8.67031867	0.01269686107572659
10.2200112	0.006366425530144801
10.070229	0.005033788004289307
9.9670359	0.004161572567425504
10.0143237	0.0056369206656547025
10.0919479	0.0065016593656950904
9.7905484	0.006570504784308033
10.1968483	0.007885882432669314
9.749806	0.002736789482141419
9.85545584	0.009203007901775806
10.2398395	0.005360473972356956
10.1732655	0.006806757390842638
8.019052	0.004819426261318504
7.51356196	0.000561157608408126
8.68984089	0.012300351854360177
8.11186177	0.008801314690700732
8.03952713	0.0037907336019198145
9.72381005	0.009481675462418035
9.08471951	0.007813716765021394