8.24570239	0.001954134088941859
8.37359981	0.005014596482733793
8.18926478	0.0000756064061158336
8.3039523	0.0029365079729260306
8.32073823	0.004630834766937458
8.38017139	0.002459393690628189
8.26699977	0.0021030004680941943
8.01480255	0.0000456507172060841
8.17497868	0.0005774988150969944
8.44372094	0.0019989005538109013
8.28761546	0.0016154965108739262
8.34587773	0.0015402100173592284
8.30521387	0.0031726747808632372
8.17637035	0.0010012874461419754
8.21117384	0.005420342769378806
8.03739509	0.00002468772780207753
8.02348785	0.005313439889623905
8.25940744	0.007781746763755042
8.09684505	0.007140525168577768
8.12804759	0.0039683628199818945
8.07574357	0.0023153665222535123
7.96212629	0.0031393850499265505
8.35591079	0.0033531307832264895
8.23090723	0.006561210128191857
8.1182512	0.00264741961604285
8.16431743	0.0003900772170545524
8.11070606	0.0006285212497453133
8.06389296	0.009745525059537343
8.18809915	0.005336724785446238
8.20619143	0.0026996387565197417
8.31638399	0.0030769860393877893
8.07281457	0.0012331721976962318
8.15501435	0.00030700268109320935
8.1782932	0.0009760801800012027
8.05163027	0.002463463062305926
8.01601171	0.007962307445818908
7.9913041	0.00022354892302136237
8.43909605	0.004585434785945951
8.29394483	0.0026209128784669493
8.2652673	0.0009792224230566883
8.08230616	0.006496861125691517
8.27340448	0.0018676351720217058
8.36316128	0.004094475614102738
8.05469303	0.0022114680178442377
8.22349601	0.0006736388851466595
7.93715366	0.0006176402587263711
8.01676011	0.007306803065858096
8.32140661	0.0013520617820094115
8.19602346	0.0010474251289415634
8.18701383	0.0014423910300605718
8.19908412	0.005237503123119862
8.12230583	0.0002618973938624457
8.03041891	0.0034667342805915005
8.20354321	0.001286092252569331
8.25407212	0.006258410908128441
8.27613572	0.004468517444185605
8.36707885	0.002359505064363642
8.34785558	0.0013223265617203037
8.21431049	0.006060562668066563
8.2795738	0.001132420246447986
8.30554995	0.0021024256493768364
8.32864192	0.0015001650586136388
8.33451959	0.0032750330654466907
8.29323803	0.002519085275622969
8.41486023	0.00349538971615998
8.15374136	0.004537102900345644
8.24571363	0.004559177536535472
8.28229943	0.006463247227357278
8.39272558	0.004346242569134026
7.99748605	0.000019969135270036174
7.97234781	0.0001302044066843317
7.91568297	0.018752084381048986
8.0727084	0.0007880459464869501
8.0642512	0.0003549796201261255
8.04246072	0.00015685139311216118
7.81180427	0.0012800775329858322
8.05659657	0.0029793171545389008
7.64887131	0.00018071595969618292
7.8332445	0.00013784389088096835
7.57961961	0.0025898368693535304
7.89368734	0.0002507404375123971
7.93398744	0.0015459714384957986
7.9561481	0.00014653961828539768
8.01764078	0.00009226675315772507
8.11016151	0.002913652916903818
7.85855524	0.0011857475054596793
8.25645735	0.008745954254459728
7.95105858	0.000055985702168434305
8.35528837	0.0011055656822356915
8.09676758	0.00008060387002099244
7.86651087	0.001170500131931679
8.04693034	0.001510741378561418
8.22023726	0.004047787816281293
8.14466081	0.007413944955873573
8.30841826	0.001489005364774259
7.67138718	0.0021227123959540514
7.51688057	0.00011573242156363492
7.412466	0.0002779813106373774
7.49726156	0.000829272958526526
7.50305476	0.0006784445321736718
7.62773701	0.00007810414385980502
7.7165476	0.0010212527903686482
7.44919514	9.491335971161491e-6
7.65230453	0.025955808507901145
7.68052933	0.0023035460875086497
7.72471034	0.005259122314396338
7.783032	0.001521811503650869
7.4280961	0.0013063841830250945
7.5509702	0.00035079767260594736
7.59066182	0.0005670525661754024
7.6726672	0.003038232158431584
7.45790916	0.004081367694044724
7.69719083	0.00015698098109447045
7.69699395	0.00007169825459082609
7.63072181	0.0032298018008638956
7.53654013	0.0006430677887388279
8.31669172	0.005379512658089637
8.29016016	0.003503565078576167
8.38578871	0.00205668280158553
8.43407318	0.004160780518312503
8.525155	0.003054247331021025
8.49350004	0.0026442149263706687
7.839743	0.0014105564193962097
7.55707283	0.027884893877364012
7.56227927	0.0007576635412975228
7.97179911	0.0006797599102328251
7.9895049	0.019660512232176804
7.8537633	0.0003954348146521601
7.82026515	0.00036260422385181245
7.89490388	0.0002453571425069408
7.79554453	0.00033396049810186564
7.80714038	0.0012092972916446963
7.98836202	0.00006275326205870555
8.40988258	0.0007584889740379566
8.28960961	0.0038101525674508773
7.59516735	0.0031363162888636063
7.55499944	0.00011046996152581944
7.77653555	0.0014284749148701214
7.63029553	0.00003097616087518707
7.64885564	0.000017063242117356396
8.40225125	0.004857392927139969
8.42385577	0.0026228350401473898
8.48110443	0.002429368077399693
8.18163498	0.0012120882737378556
7.5826665	0.01927291838283448
8.44706467	0.004119765521987601
8.32460183	0.0007734263786206415
7.51604799	0.002201469246918253
7.49391331	0.0025509031247351295
7.51928302	0.007716025796336507
7.48991561	0.0027735646105479404
7.44919294	0.034372898668029735
7.42373025	0.0009573221916299371
7.35710526	0.03902434995600686
7.7496931	0.0008046171915635694
7.37320205	0.03754716080694671
7.55190213	0.0015907528851137095
7.46181781	0.002080101103313124
7.40824073	0.016105411917013805
7.38381459	0.00029434886809685985
7.63890528	0.0018467031576997
7.65097834	0.004185969533116148
8.42494334	0.0021727680413928686
7.63060229	0.0001351948796057573
7.51773442	0.00047012846103689626
7.7441688	0.00042517805595766224
7.79468779	4.125804996706273e-6
7.44963986	3.156700269277745e-6
7.38354312	0.04041836252057312
7.53960313	0.0017986419886352393
7.35618951	0.021593074453121884
8.07347684	0.0037633713147301492
7.41038968	0.008519738217436706
8.36333232	0.002248143787004591
8.48193681	0.0033615429896579133
7.42933197	0.0025224357864285624
7.71543343	0.0003083553448633251
7.54455885	0.00029133805529383926
7.46553284	0.0003369772592957598
7.55081738	0.000011007293193411056
7.48826379	0.00006877285385756801
7.61159602	0.00030148278887382054
7.45679139	0.026635004914541252
7.43561489	0.021243753566476925
7.59347069	0.000966916652920801
7.36928619	0.032701230388109036
8.48342493	0.004042219699927622
8.55996434	0.0029092730048774877
8.34971188	0.003493595220247108
7.662176	0.00001641641484126686
7.40662495	0.0063014583472827705
7.33955327	0.0017241985358085854
8.51786018	0.0022684619408566823
8.53427832	0.0021756804107698146
8.52417395	0.0025471474066136356
8.5070864	0.002670968219666987
7.91749978	0.004902799902241166
8.49984088	0.0006037810263601931
7.80606025	0.006342342481630602
7.4808196	0.00032312346309224286
7.80780769	0.0002709093121838946
7.37664228	0.03241076372571224
7.41084002	0.0007109209825008955
8.52897147	0.0011923442335929006
8.53318889	0.0013377450873729956
8.58214491	0.003563098407842288
8.56173132	0.002269900261908984
8.58697087	0.0008769383183828028
8.56830235	0.0011057235820861018
7.3817554	0.0007565134699263676
7.34536885	0.0001921591752900856
7.32373497	0.0006806596632607577
7.36498583	0.00006109259605969196
7.33595677	0.001326036274366287
7.34046153	0.0003281479921195564
7.53433719	0.0001122861416592559
8.61637562	0.0017990062639875728
7.33910095	0.0037397292937603314
7.38176143	0.0013574941565284559
7.46770222	0.000924045486980356
8.27262224	0.0016682736132398468
8.30181381	0.0015902672798646846
7.85561246	0.000136371146190627
8.28892478	0.0014673154414597597
8.54770924	0.00033447891205924316
8.39756475	0.0003457126198598192
8.49367626	0.0020997218378916425
8.597543	0.0004893985611921437
8.62765468	0.0010200783044518786
7.49490163	0.005242550856403563
7.42928879	0.009721520532262436
7.68671798	0.0018540494044915737
7.35756273	0.021718556256300137
7.32419949	0.01979807904637196
7.3341439	0.026254035286483096
7.33648876	0.032314643139276934
7.33046857	0.005718650044420755
7.31390101	0.0016099055392507203
7.30783356	0.03375165835593264
7.28437574	0.0328232012885734
7.32353711	0.008985525040144347
7.00732974	0.03157282783528055
7.31123555	0.03293026874176191
7.48411901	0.026344163137699
7.38032406	0.019647559618732803
7.31675865	0.003177271437849114
7.36590951	0.008488767980586351
7.47056995	0.02029034996404789
7.51107228	0.024935439785486634
7.59180335	0.007952046440709102
7.45803173	0.01497801616649174
7.38703735	0.0061333238683991004
8.03720347	0.0000641555489354878
8.0518223	0.004646740029175248
7.67602442	0.002258337792741493
7.57906146	0.00045551503113020565
7.90535963	0.0005301224850491273
7.69972766	0.000680638596787658
7.33697963	0.000459945341483666
7.93101399	0.005335847010806903
7.31287719	0.003093689534355888
7.31193094	0.0019113566750849052
7.34935334	0.003682350931605842
7.31256545	0.001936643257620212
7.3381864	0.0035731741463925354
7.32571233	0.006588408469991933
7.56828714	0.0026381695009378473
7.44580577	0.0023067330335374754
8.02464092	0.0007271109340355467
8.15749955	0.0011930181439780182
8.16984035	0.003987488082101146
7.28991135	0.02213820520888075
7.26047351	0.01988094788175248
7.22979629	0.012711235347547999
7.05591805	0.023118469656985906
7.28325053	0.0039476226249343235
7.18219517	0.00015574809535274557
7.26449651	0.015181098457522475
7.27549719	0.05182386553128523
6.99650271	0.004040160885763924
6.95683309	0.07794033160147429
7.29663456	0.05203386785023892
6.84008248	0.010219733373750725
6.8756293	0.09766112021235969
6.9857544	0.0011868361192516254
6.78123835	0.0005963998891970394
6.84742818	0.0077507217828988164
6.9101257	0.027445343498507833
6.91847624	0.00022019108033514875
6.90536444	0.003775775418275054
7.2103405	0.06117859822907898
7.0611758	0.00983057279072192
7.04714581	0.009549016440453898
7.14965568	0.059089184546695525
6.84485855	0.06333842667279602
7.0997607	0.008183839098929177
6.90785402	0.025682800540939042
7.05077379	6.625900373308321e-6
6.62407599	0.041129064347602697
7.13231794	0.011105016380350193
6.89009028	0.0447975148788903
7.07445973	0.009300841332826581
7.00701312	0.07312187091894827
7.09845921	0.06737214185490488
6.90091788	0.057895105258525564
6.81363295	0.015084431650964441
6.79238573	0.003177899713966038
7.11667636	0.000378460279584952
7.22783257	0.00596911440996189
7.24221937	0.051433176293067005
6.81308563	0.011032305063073233
6.7221319	0.0006704554832857858
7.25509372	0.005344389057124125
6.88128169	0.004484544531518594
6.84261684	0.04716879829633133
6.70979454	0.09455518155558601
6.75222668	0.0639469483055198
6.93145636	0.02773202295894351
6.62776471	0.08845994243670657
6.83416764	0.009739789709772595
6.72070973	0.06335518051685504
6.65107681	0.028433218744784012
6.52722939	0.013722142494688266
6.73574682	0.04946275247040807
6.79333095	0.08290157892078091
6.82141387	0.06305511094493473
6.89020003	0.062239418457693124
6.91640932	0.011802976914486217
6.98946049	0.06629933502751885
6.78229757	0.0045823305532561535
6.89299583	0.02170557979754211
6.68877128	0.07504105671417177
6.87085553	0.010829129387944276
7.02741265	0.048329353949670244
6.63372754	0.06231525880076801
6.78095764	0.000018752625622677856
6.99460595	0.007241600295743517
7.0068733	0.0034088939011078143
6.63372759	0.05667694920309622
6.52400866	0.03947394069406054
6.92817418	0.02946103575527388
6.83192303	0.058429050092953204
6.9503739	0.05467993095536094
6.95871153	0.058825805955515245
7.04086038	0.05172199523423803
6.60571372	0.09637761208200865
6.87937476	0.02716674874150296
7.2724015	0.05671683014277113
6.76457196	0.047053881410812626
7.17610021	0.032493368621646014
7.29945374	0.005437237471914579
6.56389501	0.07323969303907259
6.60830452	0.0012457705231047388
6.91180652	0.01254435346184467
6.59371772	0.0005071055156279556
6.62166092	0.05817247311737774
6.74093848	0.09115551493341637
6.93327253	0.008874461247173058
6.94185639	0.02501344748489347
6.82103458	0.0541444779754087
6.62066451	0.01053227522228176
6.70260331	0.00034510317891795834
6.59048297	0.00004370344538355442
6.58861892	0.02027244881391387
6.67223802	0.01576632296001912
7.16941525	0.028983784475740047
6.74262663	0.006819917443621551
7.1280106	0.01084167811624313
7.04956008	0.006539255171578314
7.2906603	0.030369731408089733
6.80222354	0.05731807191357527
7.29435196	0.05513138214527264
7.17903984	0.031244918570794443
7.14261295	0.00004219363184687936
6.57400077	0.05882621940153475
7.15547197	0.031914964354940054
6.40088983	0.005500870419489872
6.65536393	0.0004136788702058132
7.20344507	0.04321882942939981
6.67654943	0.050246550944883846
6.73157581	0.03507903309571399
7.18582065	0.005952660027721717
6.40102863	0.04885217353478726
6.74198961	0.010755190126471555
6.72370803	0.08575012471387854
7.16469141	0.020195005248966898
7.11150281	0.011847312081813704
6.66974688	0.0765324001284641
7.20506691	0.029131261064613858
6.70242741	0.0018502567761700221
6.64975174	0.00003799831154027378
6.69667243	0.0016441476807356635
7.12165582	0.04601819326563352
6.61470502	0.0003399977463004537
6.49202086	0.006270277000904239
6.58433632	0.009105418265645936
6.54622943	0.022031970024471086
6.58182935	0.0004854436269745148
6.71178323	0.0003747429505366206
6.46120185	0.00005694254488008553
6.50587606	0.014575317276655415
6.42868653	0.028710929380582926
6.44615849	0.028759141278296735
6.7210057	0.00155582827755161
7.35795455	0.0012119114708390687
7.36912355	0.004652497465512799
7.4079037	0.005648327707047754
7.4183735	0.0071862082210078886
7.43051333	0.0040537861495614155
7.39678255	0.0010072828481028718
7.56567002	0.000966442008859642
7.5998839	0.006249988123042527
7.55996368	0.005558029084014333
7.43425284	0.0066513219316844865
7.68937591	0.005469389586694859
7.54339905	0.0022066367268199906
7.42334761	0.007364201309205076
7.53066081	0.0015519312301412766
6.91632067	0.0004860752343640176
6.86991158	0.004446404598273641
6.95191634	0.010746252084867984
6.93561682	0.0006334998231118259
7.07995099	0.0025279226613217237
7.119984	0.003948087405184547
7.01025966	0.003193462207638938
6.98151353	0.0032048648936368433
7.147853	0.007482495626500472
7.16901831	0.002135368888122415
6.80949025	0.005225883286113082
6.7517839	0.004126435118997029
6.76903312	0.01111480311380629
6.72559185	0.0032272586179387997
6.68016398	0.00253134719725177
6.5995743	0.0013242295345197613
6.63831501	0.000032027313211900274
6.61279898	0.0035828704931520974
6.66220412	0.0035537164233063728
6.5755019	0.002479339455255482
6.6495589	0.004704181854186057
6.70004027	0.000038220368214380126
6.71068148	0.005168398918145462
6.67686867	0.006731944072968213
6.78327912	0.006665042910456267
6.55585679	0.00003768751325877422
7.18402394	0.0025634891972654765
7.2178492	0.0012765397637936639
7.30030032	0.009877866425059768
7.17696654	0.001249086133290695
7.03519085	0.003711755349779941
7.0458361	0.004828629522905376
7.19221359	0.002011254390855649
6.85712505	0.005166790415305975
6.49468773	0.004538570994499808
6.49372887	0.0009661003151788181
6.5173522	0.001249195733631602
6.55891306	0.006730049965809522
6.54120365	0.0038961557574447125
6.47187135	0.00928664279352351
6.38635182	0.0022725277183667124
6.39755146	0.007809291714181218
6.38411091	0.0033904352095576705
6.37137796	0.0016885165941285067
6.38245914	0.003948998737658199
6.37731873	0.008426000393932492
6.36418523	0.001089620400518499
6.40859047	0.0058882983733811785
6.38989239	0.00040762949255795006
6.44590912	0.0024374955240747953
6.41847911	0.002337746530609014
6.4617793	0.008300977962361199
6.34350383	0.0025192924773372624
6.42255057	0.0036796052981561975
6.3991477	0.0007541928396245171
6.43196747	0.002436980275534878
6.43830503	0.000019644613849761637
6.36900675	0.00003091704991477963
6.39256348	0.007094426724242638
6.3622236	0.006923424617237183
6.34178664	0.0017733128924528802
6.35295059	0.00512428743904912
6.33732649	0.006274928859525257
6.31167149	0.006692724395046367
6.35692521	0.003159326409187448
6.39905154	0.008221199050177543
6.33554527	0.003363093943826477
6.31568553	0.009680555690411928
6.31718589	0.008719786806784355
6.30757895	0.002213549698947286
6.33598918	0.000053429659339028
6.4157726	0.0027356319222417874
6.44347006	0.006610003647793001
7.81831966	0.0017111672231261282
7.84024613	0.0008015459044120113
7.86776851	0.0006713856316259381