8.52914696	0.11575010173350214
8.61192015	0.08289905472633147
8.66585646	0.047422166399539466
8.55138377	0.1808142391327227
8.48410977	0.10931612680644116
7.48398095	0.21509551946344566
7.64577567	0.22167307306414322
8.11169318	0.14832070591429705
7.46171763	0.39893317929594324
8.46398743	0.13591411028912515
7.75634579	0.21686722380792464
8.20353961	0.03435035891333162
7.9241288	0.035553303899477105
7.33317952	0.17261643973455562
8.25783812	0.16929037187124296
7.98064613	0.25514283055452974
7.95084812	0.1038895269178973
7.84412621	0.09780748943966706
7.93395371	0.13913559786787544
7.68566453	0.3696420085590211
8.41026382	0.024707322820993784
8.84020994	0.11300679350966804
7.47086869	0.21250545873425894
7.50484932	0.1612495022689667
7.50194068	0.023086711242557484
8.1468727	0.03317975877736195
7.60608528	0.11540212775446014
8.28050301	0.044041332180900714
8.0560286	0.08015731250338268
7.16834555	0.1471295080902832
7.4793298	0.3764285380363893
7.55462241	0.27312030337404924
7.84564086	0.1449889674904181
7.40467411	0.06275377002576592
7.79830068	0.18567534919453502
7.16353889	0.1701290084187505
7.57064136	0.06804538877233668
7.36586381	0.16925898992131536
8.25304155	0.1561996246780523
8.08001976	0.14539628881131703
8.51600197	0.15780081907582963
7.19738698	0.3000589068538069
8.22900253	0.07016893994768056
8.03997313	0.12450106461885752
8.45355493	0.1988227085682685
8.18082372	0.20202745712202966
8.26973741	0.11522305355682835
7.57958531	0.0859097149050609
7.70616096	0.3197272904738092
7.08963443	0.4672813660758988
7.90412776	0.11593572666434161
7.59817573	0.2186687623720048
7.87945613	0.017349247610783654
8.19390941	0.24303638739328304
8.30932512	0.057895676971666726
7.52906209	0.2098414631783574
7.66091302	0.2308216793092832
7.08126985	0.20307294847320348
7.75277979	0.27797057600381003
8.4025751	0.09772433202827573
8.22715644	0.07744460510964593
8.21128165	0.2099044515402002
8.04496567	0.06321153021146943
8.06907225	0.05203365447848282
7.6263692	0.34357446638989475
8.11327649	0.013821550735426411
8.78278382	0.17754219493943837
7.39804767	0.1899043211033767
8.43133888	0.1289120874760267
8.16712955	0.21796818751077365
7.30510186	0.12464243289347827
7.66811062	0.046440569848128284
7.84290695	0.0953157733572695
7.3666832	0.12385947166541315
7.72391361	0.09656400663033751
7.99861246	0.13913671312579384
7.39972449	0.10493493383561601
7.27167194	0.02603659656718357
7.29973188	0.3312283346350429
7.84378251	0.18601921484285533
8.34596623	0.046709121809790394
8.36960654	0.1749832242015415
8.21057694	0.15184077793486248
8.46978921	0.14096655245428594
8.60808876	0.1284927555904349
7.30421284	0.14740362887096783
8.35802004	0.10945444593505856
7.17088118	0.19670626301140726
7.28150275	0.14010716476822993
7.70506949	0.12777155725083808
7.82915027	0.16636287541415046
7.76119747	0.26659889072793636
7.54668585	0.2170929077795316
8.12461156	0.03929110162716928
7.60315168	0.14958146274902076
8.17496797	0.18083157952196643
8.07370923	0.1441684725809609
7.80274621	0.1651927226416546
7.96276568	0.23529916569470935
8.32892473	0.03704790526950062
8.20846123	0.16051885252320033
8.30555188	0.1737444923206799
8.89547622	0.15632545166788875
8.318797	0.09901468337413422
8.03366839	0.24045860286879003
8.00623343	0.14610707724044703
7.78121922	0.126199693855621
8.03137174	0.11804772635672929
8.30771704	0.16574908662203608
8.36636291	0.1752094153874014
7.86401107	0.05094802380306923
7.28251842	0.8661000322310571
7.50997489	0.07983093107117653
8.39993733	0.05007695348999802
7.90990939	0.09532708692094286
7.45292299	0.10107422392259258
8.01721117	0.1387909770885153
7.96984676	0.1896330692989877
7.95496858	0.21229221780747135
7.75180562	0.10259929628613217
8.50844441	0.14332306767903782
8.13693535	0.029132997293160084
8.81071244	0.11967779315527
7.5130777	0.06314388428766812
8.6929312	0.16848956148223343
7.38864695	0.2824789794609882
7.92704594	0.2829680096786222
7.78788036	0.2075145717602668
8.4723928	0.08592312299949507
8.11604623	0.06756181277282329
8.72918097	0.16020485734889148
8.62515815	0.13821788582827435
7.72939902	0.1741014843876163
7.20867654	0.2305636111000577
8.5650931	0.06237136644648246
7.60789839	0.2359174473378892
7.83806497	0.08642255749871883
7.26360757	0.12319304866185117
7.60989368	0.08207125228414787
8.72275935	0.09584608746064421
7.37058935	0.31751379178846384
8.24080687	0.05848708764252802
7.23268507	0.3493303414183901
8.61105119	0.126072719955452
8.50819277	0.12259735007988133
8.07821703	0.023406161804447153
7.29646825	0.3428194994577896
6.99634682	0.6070089143096654
7.68650571	0.2980659547879945
7.68611225	0.1137212767637943
6.9426756	0.3293835027584906
8.92806204	0.11402844885729022
7.1168712	0.032533209616180385
6.96765617	0.2451400300999455
6.92629946	0.28746762857058794
7.94821976	0.05701450020842179
7.5759014	0.12338353273274962
7.0954396	0.3826524413062468
7.44652304	0.21643630145167034
7.91994014	0.16817824762213784
8.71430497	0.18540144263833502
6.91504846	0.4025827365802552
7.76284022	0.01748995028965553
7.9753779	0.19261613483688828
7.9032029	0.0849122998949836
7.85187363	0.09061248167400462
7.92375042	0.07328490486271956
8.61742045	0.03418798583941504
8.06246084	0.07945404480539661
8.48542692	0.0664344475561632
8.05160414	0.0772801954794196
7.52955557	0.1701989293698484
8.78299444	0.08255672193975781
8.31788164	0.03644319828181188
7.00956253	0.05535925874091223
7.68961269	0.08005537348305138
7.80389201	0.0069340304425612315
7.53253297	0.02776207355036026
7.94834166	0.04885470236513214
7.10959886	0.10815422911124664
7.59717781	0.14709179785226448
7.84463453	0.052247315148372525
7.23666008	0.02587248628058271
6.84167573	0.35464183787242337
7.36498568	0.024747769125333698
7.43957012	0.022199007938880393
8.00997127	0.0791073878757336
7.04449822	0.17788473538885782
6.8695677	0.024458579929566432
8.06241366	0.022039501698588686
7.47728897	0.09187804739546664
7.2796838	0.0009260900417590384
7.33667741	0.046806686781965694
7.25979486	0.1087026304480611
7.7922671	0.01797115290068591
7.89376751	0.016609034238778218
7.40463899	0.07114920039004267
7.45413681	0.0021542029847331622
7.17784415	0.1899240121530782
6.79267505	0.007431830538374041
7.18700272	0.06874946093470886
8.10644679	0.025952153427426822
7.67797399	0.03221646813294105
7.49821924	0.0024371151809880224
7.79357878	0.009996488244797258
6.81608564	0.08036797468033269
7.61405984	0.008096552192412615
7.0087531	0.042833536208659796
7.54112166	0.05605563603184256
7.43460324	0.05936419268568588
7.70172128	0.3108277256043539
7.39459244	0.02620567341810848
7.81310565	0.13008035550808975
6.92450492	0.13529059785604322
7.16631936	0.004640993402980112
7.11606437	0.011348888622166393
7.7371955	0.12598507377082305
7.66536782	0.008693446551062797
7.08771853	0.0980882369746755
6.65000266	0.10375373882898804
7.3274404	0.0014650602060019696
7.64931422	0.00704408692299537
6.59054779	0.42490222054317156
7.8761615	0.19079717673257562
7.00104904	0.029692324055507317
6.64051444	0.0067657776543226964
7.87295868	0.1103185678145303
7.21133924	0.3019868111038517
7.60090212	0.01884978890429648
7.54147296	0.02659946008539332
7.42105097	0.07333707872613571
7.15308978	0.1725498350420767
6.68794676	0.12363441488832817
6.72668325	0.3610607667113499
7.1025682	0.056861356401634075
6.79761754	0.06474355940535524
7.48544972	0.044377175823876784
7.40192933	0.08954880077941499
6.94046177	0.30517171336754073
7.5239362	0.0465219708075971
6.48907976	0.35334462552175483
6.74867729	0.718158029894092
7.376611	0.06598240042504433
6.98599104	0.0515658079214889
6.68566313	0.03529139010057288
7.51386152	0.006174244538852867
6.90976523	0.35554172770751963
7.33910655	0.002985955055044149
7.33954086	0.03349255669867584
7.0383689	0.02778594730700802
6.75626817	0.014452092700312991
6.75559451	0.024471179258149615
7.40688031	0.17584181086962608
6.85322622	0.000762419586228002
6.89759192	0.07778461133466288
6.63056383	0.37492815163287757
7.20329311	0.00757421943297781
7.11259996	0.001055384579730274
6.71690901	0.2891741879238763
6.88245674	0.2504093603713235
7.46565873	0.04493207080157134
7.46931817	0.02979200515796186
6.458517	0.07313172281264924
7.28629432	2.9915074869289655e-6
7.66344127	0.05355393908028566
7.02956388	0.011963681837741005
6.89679894	0.034140454063312495
6.58363642	0.0009187048107282533
6.49415471	0.30535237668502707
6.6471768	0.028602739190768632
7.25947878	0.013309442300220504
7.73482745	0.20445815274091178
6.84889117	0.121169460402255
7.13652726	0.03406715553550024
6.41243845	0.03706916041083997
7.54827598	0.10730340235155454
6.7674297	0.06886095177498557
6.72299545	0.000015451457032481665
7.20851802	0.34714905141578295
7.25880519	0.04636094199520339
6.90970952	0.14898132320785218
6.78169162	0.06847741779730866
6.51724357	0.18103755757689283
6.89132338	0.013215396453975166
7.09130464	0.003980168327548824
6.70992587	0.14794813174858412
7.39025621	0.12679326047835338
6.66861165	0.2933697209047062
6.8672083	0.17093597314689107
6.91441129	0.02395076066015107
7.15418583	0.01104836416525855
6.69332763	0.028166309117916715
6.98738634	0.035353891204880736
6.51868803	0.33842736110031246
7.27744322	7.350949891469291e-6
6.43954647	0.13382756713053412
6.32332885	0.021099739688917537
6.36387655	0.000036610295633881616
7.19073596	0.047681594229344856
7.43602237	0.327144156121342
7.23849194	0.0004620113297782675
7.28364152	0.03562654506517692
7.4577227	0.1749095560739742
7.04423606	0.022623010543926802
7.24570526	0.05999034517248538
6.81450171	0.015911416669658528
6.31547681	0.09558796260294491
6.52790385	0.18225179308420925
6.58408193	0.0074821875565098915
6.90490589	0.001752072868474712
6.61073965	0.05245275380273915
7.06358369	0.028166947782186737
6.27686467	0.01477981720874139
6.89284535	0.04602333389415335
6.49330524	0.23092426007228412
7.07770928	0.05045200693153527
6.65724356	0.028252147513455148
7.07059959	0.004950194321466046
6.52119037	0.019963136384098423
6.7064937	0.02950359151375307
6.8907232	0.06883581138743221
7.19242559	0.014454066378654214
6.27960421	0.5660588340740281
6.40996235	0.014377799888183858
8.38890598	0.11462532148618657
7.72143274	0.37796284939246466
8.82640832	0.15582295469812435
7.66400156	0.35086047752245425
8.88974472	0.13840145002161872
8.31311272	0.18372006335786528
8.14672436	0.20648715298828774
8.26075833	0.2061749364770166
7.84231324	0.28794290004011847
8.72954035	0.07389528313776017
7.81421675	0.07510937725049609
8.28771476	0.05310075198593538
7.96553382	0.07883107814861447
7.70152296	0.1643114414245438
7.60244383	0.03913704124105845
7.92705137	0.07087722986298677
7.33429635	0.3053271852024989
8.08454496	0.1525511377768552
8.39632161	0.10583281000030537
7.99392631	0.10209278045046238
8.59278258	0.12084033686862318
7.75166916	0.1703431641757407
7.13014234	0.1484448130447987
7.59661807	0.0004973207330400493
6.81679388	0.26190577273022675
7.14445533	0.008121869395171273
7.82056061	0.001160778487395912
7.61811267	0.00029195120632020434
7.04034818	0.5780829310244955
7.27589448	0.4021166463511968
8.14481374	0.2130240578841353
8.79877184	0.017484727401855152
8.50942148	0.05949973985362053
8.08874824	0.05317900149247656
8.79991583	0.16467210923239586
8.92465515	0.060710807611288616
8.42458183	0.031145983227019152
8.70722247	0.05830343330162824
8.37138113	0.0775210413792275
8.95424143	0.018647091646457996
7.88734099	0.13116168224072167
8.94922525	0.04689020434469513
8.19350211	0.0687012674605086
8.79435329	0.04772833494247938
8.71113073	0.059516235656722274
8.79811597	0.0650921511455706
8.47332321	0.04657435010925683
7.50053151	0.17382106193265764
7.3490142	0.5697612279745269
8.18393484	0.1411276289753225
7.01539616	0.00030152175603953443
7.34533423	6.37546250429956e-7
7.43674273	0.32713797447822146
8.18931301	0.07071460891659162
8.0002999	0.07783477726503064
9.24416118	0.05680858550143818
7.96127538	0.086784628437466
8.49802251	0.07682066747647752
8.66083025	0.1702995118918718
7.19681225	0.12193477678065358
6.32111597	0.09325152813627262
6.52826051	0.27435987845687165
7.04209497	0.07711337731826155
6.13257663	0.04085439244200218
6.41593848	0.03997999918163994
6.69022114	0.001816238604937483
6.16160596	0.390556548301813
6.40857366	0.027271541771741466
7.11793579	0.03243671403693821
6.15467738	0.11258783889111366
6.34792125	0.04877499010160931
7.28507631	0.07083542269039286
6.89691005	0.01417789372162041
6.33263649	0.012240808159997518
6.02124829	0.011707310671708248
7.66149755	0.03668507641717126
6.59541423	0.0023231753125055815
6.88033021	0.026390964167010467
6.78215598	0.21223458487363395
6.04629293	0.005172147481624372
6.22071995	0.2124891970326497
6.75562873	0.0025262881563199295
6.45256727	0.25745552741931743
7.37508922	0.012152882301844053
6.54548931	0.043859444717968855
6.50385776	0.05826672746505036
6.10053147	0.000679430709737789
6.18188688	0.007375463123639391
6.98423513	0.00068117833031794
6.24699927	0.0050939236713263385
6.95614794	0.03494026092757352
5.97364839	0.016517247823874613
6.2016671	0.045909659622481
6.84891571	0.007432986873306096
7.00097069	0.022496639675987033
7.21778649	0.1574009011758521
6.28782133	0.0023325562780025623
7.10957473	0.012978972750933303
6.66595949	0.020301223788989527
5.97226406	0.0000477682660064437
6.90667597	0.00170462422367763
6.71006145	0.0024862002187979494
6.76547709	0.09825840740486144
6.35103992	0.14710448258058906
6.73412416	0.018655072056195304
6.88842966	0.00025660045968614175
6.39320442	0.08040134932365703
6.58318868	0.0024264949755847375
6.10947817	0.00033004909386797823
6.38192003	0.021509575682289048
6.81719797	0.005210920501679987
6.52354594	0.0994589180823757
6.46219638	0.00037936485995739987
6.97689961	0.14022871404171872
9.02203942	0.035477107752974246
8.27101143	0.07477329639266114
7.58367783	0.5486287428078008
6.49017172	0.00030452126581064995
6.65904247	0.0016202252314335905
7.12355605	0.21189779294217262
7.20002418	0.3488719159235257
8.59251102	0.13991103352066445
7.73961917	0.14158673551893247
6.8866475	0.057423239973297624
8.11342552	0.14594155970068615
6.44333448	0.021579253285162275
6.20926673	0.04551206968446466
6.64545782	0.04895928879346352
6.10362927	0.0365964780263654
6.05096178	0.15160165556313593
6.72341928	0.0002636820257318292
6.26509126	0.010004002542326827
6.24230671	0.1316584061695226
6.9030947	0.00007420892067578858
6.20648761	0.0016939661360447563
6.02067758	0.23782835680671427
6.62274259	0.00003795243683834731
6.52786706	0.008862752450649538
6.29889755	0.02083552726872661
6.33154327	0.03184882451232338
6.15541831	0.0629965136915147
6.72284549	0.005128777594680062
6.09660245	0.03500985071539429
5.90478768	0.009445529891639378
6.73376735	0.19764354991797609
6.02154451	0.21917860355440272
5.90965791	0.08692168509089289
5.86617942	0.04904413161120872
5.80621829	0.0032529146590698677
5.94758242	0.022091586134209442
6.53621144	0.010129607548778199
6.62680813	0.1265159174801884
6.35815523	0.06262518289687792
6.48917874	0.0458945305036172
6.38492298	0.2218591781552758
6.43068538	0.10738952066734585
6.76306662	0.03359304653513918
5.97765028	0.0356054942383992
6.26549419	0.2035690704770118
5.8449125	0.1819428671006209
5.7541482	0.11584192076343636
5.8954549	0.263099495942611
5.87140145	0.2651226367066946
5.83127556	0.08835117019897955
6.5378407	0.14287674374684686
6.25207872	0.3386941292420217
5.66083519	0.3457169493014334
5.72283693	0.5598072230023534
6.15290265	0.1561581218507979
6.24069604	0.14485114453417586
5.96860257	0.06780114466858657
5.91411197	0.23480430856392684
5.65014484	0.1182606279990437
6.26072397	0.3079425125948246
6.32228298	0.19801880080774523
6.66242216	0.09216903611888606
5.75629159	0.5943273123070592
5.90493794	0.3940103928063007
5.9951261	0.24869624220830797
6.44332567	0.0521942502720977
6.21223239	0.15718331967432078
5.74465373	0.3227888804982394
6.36640958	0.037055532142018684
6.06532974	0.025614963986593034
6.39605746	0.00522285329001623
6.8161519	0.0629100688505419
6.18104145	0.33929544024636515
6.23245455	0.04438450391265413
6.18245751	0.2252907749207565
5.82015158	0.12383035047553712
6.43565134	0.018281628631254196
5.73106397	0.18047115618829945
6.35838491	0.16998644924697445
6.4453983	0.001863785507812088
6.51990935	0.16613616048440183
6.29734688	0.11552339006773042
6.13123349	0.11852607166910745
6.05192253	0.15637292997731297
5.93912555	0.1805827815660389
6.27794497	0.06825049945202553
5.84951183	0.014797231993531506
5.73558667	0.2744172617464764
6.43287191	0.1788872076580861
5.45410799	0.17063219623419526
6.09144043	0.12282964686137428
6.13838808	0.08654059287485664
5.77915928	0.07750079349286054
6.03329695	0.12023193764341872
5.7672775	0.12451378924567184
5.91333593	0.1770738423869631
6.16954816	0.0466869119372972
6.55831781	0.06569871074479633
6.05874905	0.07942319015237194
6.11366282	0.037888012819045254
5.88190534	0.4807210382664735
6.44252399	0.16210681930692872
5.63358324	0.021196990040120156
5.51760767	0.31084632285446107
5.54188933	0.09567264426092197
5.58975861	0.13671709329628767
5.99473738	0.06990019047065711
5.49924721	0.13662104302139572
5.83287923	0.0502142155770157
5.73402117	0.07354415059960265
5.74023569	0.08740503875425526
5.91971144	0.19620859226860912
5.98120023	0.05545594681824175
5.43996423	0.11106158328604382
5.54840726	0.1881064200110466
5.72513727	0.11808746638168226
6.08828221	0.06619826151236648
5.84253219	0.04858224497035102
5.63692475	0.026461655953685385
5.66190983	0.31903630656012943
5.79216277	0.1156256548131386
6.08558103	0.002980160972637033
5.43398578	0.14730424808757572
5.66980219	0.009923932373377667
5.37750528	0.10287279579249828
5.29156067	0.32048636480068454
5.5439672	0.013943511893882756
5.89543003	0.09203500963715507
5.47765717	0.0157925500196146
5.47796986	0.2158758391389487
6.0393795	0.007631397652688673
5.79441388	0.08299967468045233
5.75811098	0.04462193136587472
5.48901466	0.16742394006228198
5.45778002	0.0588061922874403
5.72552096	0.20666866189069738
5.18382078	0.18983299294306588
5.77060434	0.03476659827382242
5.1393796	0.4386772394455275
5.28124889	0.17264691448741654
5.75746027	0.07025917339840357
9.03118884	0.09030750116974862
8.62907011	0.30075436712323644
7.94316619	0.35000854707553714
8.50817058	0.1683660344576989
8.57252678	0.16208410758881506
9.22882977	0.07149234301322814
9.29353942	0.08709472710240981
9.10653981	0.07245226878661014
8.03172452	0.16259140917454667
9.287716	0.05488434235210083
8.13601372	0.12878950386844842
9.03404449	0.05106833906364129
8.70770804	0.08701146251087523
8.8560321	0.08221764863782086
8.73456394	0.07536230690582499
8.41685448	0.08382515579768325
8.44856553	0.09163002037331264
9.07711228	0.07801337476062638
8.99876505	0.07124545925086852
8.91888756	0.09633497347792754
8.30493628	0.1391623054118182
8.0830512	0.09498630391488044
7.82516025	0.13612457780891762
8.30042817	0.16520096830246755
8.4884577	0.09837553328242685
8.21474659	0.0944230652784091
9.12320781	0.09985680443615909
9.01713277	0.08821373607968781
9.40587993	0.09405395023020323
9.17697842	0.08042885375872923
9.43169153	0.08486815010212377
9.0617221	0.08658010318308877
9.3946468	0.07763655268496436
8.7445314	0.06175588798544216
8.40458884	0.1331434695952862
9.48796796	0.07447890606826814
8.5719887	0.11402496215047134
8.87377309	0.12508301165787275
9.17505694	0.08047256948384802
8.85530326	0.13737063779703687
8.01952032	0.2308570959160193
9.32492065	0.08505905576608774
8.23802086	0.15444013126417536
9.10786248	0.09377666212241398
9.40397748	0.06093283472138607
8.06430905	0.16481787753981197
8.69000609	0.08230036923640613
8.54846104	0.10069100229800561
7.95697451	0.252057504997992
8.13810162	0.14331401833484153
9.48335825	0.07234512189812523
8.84528154	0.0914906916322121
8.33092497	0.12895849507535256
9.3384556	0.07792222006962438
8.11319195	0.16525311685378272
8.61433757	0.08665131512344301
8.26579983	0.14644592943938955
8.98978854	0.08857767636627707
8.45828109	0.13599641306591922
8.6608076	0.11495231750218995
7.98487949	0.27233398728605773
8.40339565	0.10466002411602181
8.74497405	0.07360069533164476
8.10753647	0.1254471517283964
8.49252264	0.07169876678841051
8.07210534	0.25463837617105406
9.07686241	0.07717667909139454
9.43969924	0.06827201550808419
9.21947716	0.042213513860175016
8.89008371	0.05542732150242965
9.55724622	0.05536121651678344
9.29140167	0.05677756080259886
9.46901157	0.08826707263223768
8.5321919	0.13270150917872078
9.02881692	0.07380365695322356
8.61635921	0.10468027602368438
9.12859191	0.0865660217405287
9.62253852	0.08901771424785097
8.20934606	0.16084664130285678
9.28970929	0.058314623701457846
8.76927106	0.08617202451531562
9.54558092	0.06613960398592589
9.64569636	0.04799438074282344
8.89103483	0.05720809835280919
8.11590366	0.17137344849256222
9.18644814	0.06284602621138768
8.95885016	0.053551331371259864
9.36975583	0.05679680265401586
8.31005896	0.09446718373212543
9.68027617	0.05798160801906077
8.47229989	0.0958696268732998
8.79920296	0.07734615786759638
8.66797056	0.07292067442638595
8.35124939	0.11585930339996087
8.70812191	0.08478764102586496
9.0049436	0.08916996924736986
8.27896588	0.10362092302034867
9.39615647	0.04248905031573334
8.50662607	0.059802204633937255
9.22309172	0.04349475222435497
9.59743696	0.03954144253081964
8.78230317	0.04625972314606008
8.86391189	0.041189251247914935
9.04279832	0.05792051900962681
8.13410301	0.15636690245081689
8.61762102	0.07469852500357486
9.31599281	0.035780919275238104
8.42105009	0.0747829948695853
9.73314178	0.04480086248790272
8.93363696	0.0589810994690136
9.54124196	0.0502888904196154
9.71002358	0.04839042894156885
8.24030154	0.11621879837342192
8.38494296	0.08185917131895755
9.68212481	0.03453865118755157
9.46270873	0.04635802731575395
9.14092186	0.04778194920639554
9.756374	0.05424403593871751
8.99283876	0.05282220052499377
9.15739692	0.0608463670113446
9.21778043	0.047249266603541985
8.79233378	0.06295651534261602
8.58285297	0.05322049331548084
9.07647783	0.05239395910499048
8.44632253	0.06728828004520565
9.38612573	0.04733472201276591
9.80687398	0.042278257660841506
9.65000158	0.02980525257638257
9.53594051	0.0421041500155648
9.61487215	0.041559112521350805
9.44004118	0.03937800845548874
8.26855876	0.1327300548258337
8.82031551	0.045610387795427726
8.9413354	0.042189750807243125
8.2297473	0.11342800896713606
8.90744204	0.04940365924088202
8.71361572	0.05029128047431954
8.38208157	0.09186532533296114
9.29348192	0.04441615548770017
9.88686433	0.05327729475725912
9.52373348	0.040612873509246555
9.6944543	0.047663153055192385
9.03669108	0.040928505901979474
9.91960467	0.04726249739148363
9.29369479	0.04493200451541635
9.45701712	0.04985826279662999
9.81035149	0.03052088729308752
9.23373895	0.054886345301727826
8.37574048	0.08471643641406691
8.76889134	0.06908762311753322
9.8546503	0.03861732089999152
9.75515651	0.05163955982273778
9.99646161	0.04378530692351817
9.76208538	0.032724943045523716
9.09124541	0.07022602999492482
9.54113144	0.05444799834940408
8.87169984	0.06596290854411668
9.17797877	0.07768821546806658
9.14037562	0.057395020759052146
8.97960675	0.03872461943981476
8.380367	0.20845562079909286
9.35395108	0.03852525330519411
9.22293048	0.04718282702816247
8.50710695	0.07340217404599791
8.59576114	0.05762140730153185
8.45555783	0.07664828686478513
8.72191939	0.08629143693728752
9.68576408	0.0472203868170193
9.94865036	0.04786989410459563
9.00582162	0.046027802427953804
9.44913623	0.061205526069328525
9.90626723	0.05621538536307073
8.90621296	0.06013266840907309
9.35808324	0.05074874095372611
9.43758034	0.046822568210611225
8.49383864	0.06877788124109652
9.02497902	0.06057834635710908
8.67937432	0.09147235844286035
9.59286252	0.03784490410536328
8.34685432	0.11588808422902748
9.80471977	0.02889968378121338
8.51066638	0.12570254910788367
8.82816938	0.06757829245896559
10.0607088	0.034805773767193925
9.60849478	0.03773328174589191
8.53228858	0.09186400203901601
8.61796912	0.06894464668589499
9.29598315	0.04202719125856718
9.18439651	0.043537182858354694
8.47126074	0.103625397597307
9.76485821	0.03318494832860548
9.07207847	0.07320449421938466
8.77453175	0.06759205030420173
9.59330059	0.05185825497245423
9.2626872	0.06251397059919078
8.54514793	0.10858337398452782
9.89742623	0.05139535096042959
8.90138488	0.0769905619265749
9.22565388	0.04982649466851156
10.1643544	0.029974363370150553
8.85926195	0.0698524533070485
8.6264323	0.0992201987040613
8.91320947	0.08014623684446154
9.40141016	0.04796394324099706
9.94989194	0.03696221079003607
9.578097	0.05754198299608405
9.27826443	0.06706995354087686
10.014077	0.03364916973973317
9.86425057	0.03926408608571828
8.75397679	0.08696169257848828
9.68365982	0.059319795048719745
9.49453131	0.07430181898389814
10.1094324	0.048157587565451056
10.0182814	0.047452014434353554
8.68608904	0.085984804991757
9.67319692	0.0834473661129032
10.1717945	0.07557233818697716
8.63383612	0.17055591094731282
7.65079877	0.2851273368974255
9.94732594	0.035536002793523924
10.243307	0.09798845375559417
8.52809945	0.5543699963663408
8.98300674	0.13281522699896167
9.1895224	0.08309404187061327
8.84762342	0.21015563083755287
9.11093636	0.08614483656446455
9.45416888	0.14269884901413532
9.8208138	0.07572962735660992
9.73808936	0.09511328555758741
10.0306274	0.11221864601894194
10.2881204	0.0776690942704228
9.08043008	0.11984001618255576
9.32943272	0.043412017657940345
8.76945708	0.12180972857728437
9.87557323	0.09378343078554822
9.36097426	0.12692606680474552
8.99874328	0.12169050196038333
8.6860524	0.11757808363853481
10.1191398	0.02982081736273172
9.49904766	0.09338531823857943
9.56292451	0.07840026898443495
10.1282752	0.08525432144150455
9.96682493	0.03927190706979958
8.87371804	0.0865543085293031
8.7546266	0.1702140456721719
9.64445082	0.09943797292515619
9.78266766	0.07641881938982678
9.84495828	0.07253414197406984
9.15782463	0.09002655885814799
9.42358176	0.047689298101599324
10.3395853	0.06626166398511668
9.83137806	0.10370610892106166
9.90381248	0.07126940904512827
9.2931325	0.07723662653284383
10.2329127	0.04259749269555561
10.094811	0.04681310319255057
9.97226962	0.08093970171259916
8.88217397	0.11108849898249867
8.70862394	0.18457663075989783
9.15639498	0.1086479046604099
9.35343293	0.06889544461941655
9.0354761	0.0749763599284174
8.64348673	0.21981818973048628
10.2795658	0.08021348899481942
9.23515002	0.09897767020124855
9.33284147	0.09201902788523283
10.1200208	0.07799509735535587
9.60554005	0.06451125970216083
8.95011566	0.13238583415593497
10.3352182	0.0935923175137809
9.36062132	0.0977692962340514
8.95629239	0.1175294224452236
8.76671981	0.18602128785052774
8.81553513	0.1460265937141193
9.75508047	0.07965804003750734
10.2168291	0.0825610141991158
10.4323595	0.0696671160698457
10.0282633	0.08186181201658928
9.6095678	0.09193091704965695
8.69702254	0.3209158337412292
9.92043833	0.08837411398066301
9.70060745	0.07510335637116325
10.3005378	0.0686539081301745
9.50056989	0.0922386590532838
10.2207879	0.06959350815844823
9.25066697	0.08494902705989449
10.3350066	0.08260977921049849
9.48405412	0.09050380357049934
9.04393397	0.14797293108334972
9.95776978	0.10800754411742666
10.4132016	0.0659121450131294
10.247922	0.06598876596654561
9.53703717	0.08161268170291563
9.98477782	0.07989288861098827
8.89015798	0.16698816256968804
9.68293017	0.08878228298550547
9.29660667	0.07511652814922208
9.8182888	0.059727639796542026
9.77092187	0.10371059607172742
9.86689016	0.08732466431885133
9.23025684	0.0805474431943611
10.4886788	0.08611196055766797
10.458245	0.07285733728406482
10.3478747	0.09181894478887302
9.13883939	0.09575545070400876
9.46968851	0.08575625722873711
9.40072589	0.13612265409053886
9.59086776	0.08908126904227719
8.79862564	0.24048524587464803
9.02102722	0.11500799009700738
10.5407909	0.06126232056984125
10.2885719	0.08756938668234227
9.0691958	0.1487768491271862
10.1030278	0.07609489182603535
8.82567191	0.19626632897655058
9.30529778	0.10863002298727463
10.0912713	0.06165216063092379
9.63112347	0.08873527363242209
10.1949464	0.05670246064658726
10.3664858	0.06453599982923042
9.48591059	0.07818896191286444
10.1515542	0.07393704747726008
10.5762562	0.05622903214231465
9.89471356	0.06002412197233765
9.3835248	0.08570228335684953
10.4358727	0.043332508348205095
8.88629813	0.1544308744353619
9.80767908	0.06871906404165963
8.97381522	0.1351770428161108
9.50264708	0.07372432743543528
9.53212576	0.0663270121509532
9.14617598	0.06631138452605982
9.03290677	0.114285750796138
8.80269423	0.25939902946455046
10.5673059	0.04094673968160789
10.5021332	0.06220705813823014
9.68767935	0.06294477182306164
9.73906713	0.061853655815396404
10.2949248	0.04904684638930328
9.25710429	0.06574808599247448
9.99795717	0.05195509201811743
10.6265716	0.01450670578023503
10.0379421	0.055065337903519425
10.690197	0.013608028779775946
10.4020988	0.05338866060241605
10.6646573	0.015069588906451424
8.94587416	0.16470503512009935
9.47103773	0.08064273313331276
9.36722118	0.09773264717354178
9.90052521	0.056137521270323294
10.2836632	0.05559649859675586
9.79294583	0.06850676881716809
9.00592131	0.1658656847365268
9.09715909	0.09894259589441258
9.68852064	0.06861105179679448
9.61018315	0.08371483533610333
10.1791998	0.04505973418063955
9.30092966	0.05517598406691664
9.75370326	0.07684264822342084
10.3520638	0.06166845434635149
9.17074779	0.12863843429518615
10.1512728	0.0568228438529919
10.0819812	0.054748859527481576
9.20430081	0.09161026093166959
10.5090797	0.04340313830392448
10.0177817	0.0549725946033876
9.53851012	0.09341200462379622
10.6382027	0.021539522712971847
9.67999394	0.0835328719776411
10.7615384	0.015146110834524258
10.1453571	0.06331187897358966
9.99549161	0.066768000619474
10.5528872	0.06078021450892885
10.4388426	0.04574933260489583
9.8157696	0.06758233234612507
10.7350679	0.015876279731487537
9.29503797	0.08351894881354406
8.96589134	0.2124705047382204
10.2802269	0.05592425520171406
8.64980966	0.22093018351759006
8.42521928	0.25551473080554143
9.56685423	0.06739776233106186
8.03947485	0.20243214321971265
7.82124812	0.4260573429267916
6.88673228	0.11708866709096834
8.10493339	0.22234846739660205
8.03356648	0.0056394483176519265
7.97523391	0.009189147839113027
7.99264495	0.006565541694248658
8.34428608	0.006908414640288626
7.76289207	0.0442373037965053
7.4968812	0.04012395846341498
8.45987381	0.021845198302713434
7.91458397	0.02254708472703767
7.26017625	0.008497028976236743
7.87305822	0.0017885108139071753
7.89689622	0.00022633579678924126
7.03905183	0.005250502127600642
7.41775445	0.0008009277553737414
7.15885142	0.00037105773321057255
7.65019573	0.002926013136402608
7.97054229	0.00010731237140439104
8.53175922	0.016422981959475322
8.76166559	0.173186743574132
7.63151541	0.2692802056779567
8.71043601	0.17770331127429637
8.48235844	0.19827068359088976
8.40304811	0.16149491971253535
8.42846094	0.12107676808154742
8.21591902	0.14565213863290072
7.74512114	0.25133577630602016
8.68574028	0.14797215262962354
8.25451349	0.11870503739346767
8.1859061	0.06238596320730543
7.46722394	0.25968386618463113
7.90702532	0.20171953469889659
7.56706328	0.109817396500464
8.54106054	0.16942755329726936
7.30010441	0.1083350959250416
8.38340568	0.0842829145534472
8.41399478	0.10616398717629139
7.83484216	0.26661437059406234
8.03307742	0.10600500993744398
8.48434319	0.19991645927147125
6.81372926	0.16838049453388512
7.29303146	0.021642092162342898
7.28096036	0.0734862224965239
8.07600827	0.12210131807556383
8.32617337	0.06307475725913268
7.64536171	0.3477045595103129
8.51511168	0.250603480652994
7.78517251	0.3104439860365645
7.87804508	0.27848261249750605
8.26613487	0.29857629327406154
8.0440452	0.24154769733300302
8.6756726	0.20810186815540888
8.14085119	0.19976538520532114
7.500346	0.3085168397248801
8.18622812	0.18083326678283113
7.60928231	0.3536957718925753
8.19168408	0.13081643722631814
7.54687445	0.20732981463684846
8.45879735	0.19252994353167044
8.21517112	0.10060239693876072
7.94928003	0.14402609255850143
7.95163626	0.05523628135736056
8.76442999	0.06440333385972535
8.32741892	0.08544660394000939
7.72255217	0.09902736284021647
8.31369311	0.09757677836821248
8.09958709	0.061447458759755956
7.96271296	0.032579151787234674
8.5159593	0.040911368861288176
7.7027884	0.009451686564853894
8.13806288	0.08523420558583875
7.90144848	0.12535274438743924
7.50685259	0.23707416973483578
7.85776023	0.07614294817181486
7.27687785	0.12689389771387202